22

C	-3.680141	-1.444989	-0.000191
C	-3.760719	-0.049247	-0.000190
C	-2.509840	0.625031	-0.000372
H	-4.722571	0.483709	-0.000054
C	-1.424751	-0.270142	-0.000479
S	-1.989536	-1.935469	-0.000396
C	-2.381667	2.123024	-0.000414
H	-3.379333	2.602166	-0.000294
H	-1.828376	2.488599	-0.891585
H	-1.828146	2.488630	0.890600
H	-4.492428	-2.156740	-0.000050
C	0.000000	0.000000	0.000000
C	1.036945	-0.936443	0.000292
C	2.349226	-0.390310	0.000454
H	0.847234	-2.020529	0.000188
C	2.335515	1.015857	0.000342
S	0.681144	1.619759	0.000570
C	3.592802	-1.235497	0.000531
H	3.341070	-2.313754	0.000529
H	4.223499	-1.040534	0.892988
H	4.223590	-1.040556	-0.891867
H	3.177555	1.718313	0.000533
